epoch train_acc1 train_acc2 train_acc3 test_acc1 test_acc2 test_acc3 pure_ratio1 pure_ratio2 pure_ratio3
epoch train_acc1 train_acc2 train_acc3 test_acc1 test_acc2 test_acc3 pure_ratio1 pure_ratio2 pure_ratio3
epoch train_acc1 train_acc2 train_acc3 test_acc1 test_acc2 test_acc3 pure_ratio1 pure_ratio2 pure_ratio3
epoch train_acc1 train_acc2 train_acc3 test_acc1 test_acc2 test_acc3 pure_ratio1 pure_ratio2 pure_ratio3
epoch train_acc1 train_acc2 train_acc3 test_acc1 test_acc2 test_acc3 pure_ratio1 pure_ratio2 pure_ratio3
epoch train_acc1 train_acc2 train_acc3 test_acc1 test_acc2 test_acc3 pure_ratio1 pure_ratio2 pure_ratio3
epoch train_acc1 train_acc2 train_acc3 test_acc1 test_acc2 test_acc3 pure_ratio1 pure_ratio2 pure_ratio3
0: 0 0 0 11.98 10.98 10.48 0 0 0
epoch train_acc1 train_acc2 train_acc3 test_acc1 test_acc2 test_acc3 pure_ratio1 pure_ratio2 pure_ratio3
epoch train_acc1 train_acc2 train_acc3 test_acc1 test_acc2 test_acc3 pure_ratio1 pure_ratio2 pure_ratio3
epoch train_acc1 train_acc2 train_acc3 test_acc1 test_acc2 test_acc3 pure_ratio1 pure_ratio2 pure_ratio3
epoch train_acc1 train_acc2 train_acc3 test_acc1 test_acc2 test_acc3 pure_ratio1 pure_ratio2 pure_ratio3
epoch train_acc1 train_acc2 train_acc3 test_acc1 test_acc2 test_acc3 pure_ratio1 pure_ratio2 pure_ratio3
0: 0 0 0 11.98 10.98 10.48 0 0 0
epoch train_acc1 train_acc2 train_acc3 test_acc1 test_acc2 test_acc3 pure_ratio1 pure_ratio2 pure_ratio3
0: 0 0 0 11.98 10.98 10.48 0 0 0
1: 40.28212915601023 40.62380115089514 40.800831202046034 46.34 48.84 46.28 100.0 100.0 100.0
2: 51.3914641943734 51.387468030690535 51.643622122762146 56.18 53.44 51.32 100.0 100.0 100.0
3: 56.07057225063939 56.00383631713555 56.213235294117645 60.18 53.32 59.38 100.0 100.0 100.0
4: 60.20820012787724 60.18062659846547 60.099104859335036 58.4 59.26 59.24 100.0 100.0 100.0
5: 63.30043158567775 63.060661764705884 63.29923273657289 60.22 60.02 57.38 100.0 100.0 100.0
6: 66.05938299232737 65.56265984654732 65.87755754475704 62.76 63.5 65.18 100.0 100.0 100.0
7: 68.62452046035806 68.24848145780051 68.43710038363172 66.82 65.54 64.32 100.0 100.0 100.0
8: 70.72370524296676 70.38243286445012 70.48873081841433 62.84 65.94 66.22 100.0 100.0 100.0
9: 72.58711636828644 72.60629795396419 72.60669757033249 67.96 68.26 65.48 100.0 100.0 100.0
10: 74.90089514066496 74.68310421994885 74.44173593350384 62.88 67.9 67.26 100.0 100.0 100.0
11: 76.66919757033249 76.642023657289 76.33471867007673 67.62 67.62 68.38 100.0 100.0 100.0
12: 78.25847186700767 78.23489450127877 78.0774456521739 70.28 68.54 67.44 100.0 100.0 100.0
13: 79.98441496163683 79.8529411764706 79.70468350383632 67.2 69.26 68.04 100.0 100.0 100.0
14: 80.855179028133 80.67974744245524 80.6721547314578 69.6 67.44 70.42 100.0 100.0 100.0
15: 81.59446930946291 81.74312659846548 81.43462276214834 69.44 68.38 69.32 100.0 100.0 100.0
16: 82.52837276214834 82.3261668797954 82.5411604859335 68.88 68.22 67.04 100.0 100.0 100.0
17: 83.1605658567775 83.15776854219949 83.01510549872123 68.8 69.64 68.0 100.0 100.0 100.0
18: 83.55099104859335 83.67766943734016 83.58975383631713 69.58 70.66 70.5 100.0 100.0 100.0
19: 84.01694373401534 84.45132672634271 83.99976023017904 70.6 67.34 69.08 100.0 100.0 100.0
20: 84.52325767263427 84.53924232736573 84.5020780051151 68.76 67.94 70.1 100.0 100.0 100.0
21: 85.0119884910486 84.93646099744245 84.95644181585678 70.86 66.0 69.86 100.0 100.0 100.0
22: 85.29731457800511 84.94765025575448 85.23097826086956 69.92 69.84 69.28 100.0 100.0 100.0
23: 85.97186700767263 85.56425831202046 85.92351342710998 70.7 69.96 71.14 100.0 100.0 100.0
24: 85.68454283887468 85.95947890025576 85.84438938618926 68.56 69.9 68.82 100.0 100.0 100.0
25: 85.58343989769821 85.69173593350384 85.48992966751918 69.48 69.26 68.3 100.0 100.0 100.0
26: 86.02501598465473 86.09694693094629 86.00343670076727 69.78 70.38 70.08 100.0 100.0 100.0
27: 86.12052429667519 86.36149296675192 86.58288043478261 70.0 69.2 70.66 100.0 100.0 100.0
28: 86.43022698209718 86.58208120204604 86.7095588235294 69.72 69.24 69.46 100.0 100.0 100.0
29: 86.88898657289002 86.82424872122762 86.6951726342711 70.22 69.6 70.86 100.0 100.0 100.0
30: 86.63243286445012 86.67079603580562 86.49416560102301 69.06 68.54 69.68 100.0 100.0 100.0
31: 86.81226023017904 86.6711956521739 87.05602621483376 70.1 68.68 69.88 100.0 100.0 100.0
32: 86.97610294117646 86.63762787723785 86.71875 70.68 69.9 69.22 100.0 100.0 100.0
33: 87.44884910485933 87.40409207161126 87.22226662404093 69.68 68.84 69.6 100.0 100.0 100.0
34: 87.38371163682865 87.52117966751918 87.2378516624041 68.66 70.04 69.1 100.0 100.0 100.0
35: 87.58152173913044 87.30978260869566 87.47402493606138 69.58 70.62 70.4 100.0 100.0 100.0
36: 87.45404411764706 87.35973465473145 87.45963874680307 70.42 69.3 70.24 100.0 100.0 100.0
37: 87.14953644501279 87.30698529411765 87.69141624040921 70.04 69.28 69.78 100.0 100.0 100.0
38: 87.66224424552429 87.56154092071611 87.60669757033249 69.84 68.26 70.68 100.0 100.0 100.0
39: 87.61828644501279 87.65864769820972 87.37811700767263 68.04 68.62 70.04 100.0 100.0 100.0
40: 87.35693734015345 87.81409846547315 87.82568734015345 69.68 70.2 69.68 100.0 100.0 100.0
41: 87.80490728900256 87.89881713554988 87.59590792838874 69.82 69.54 69.8 100.0 100.0 100.0
42: 87.99912084398977 88.08343989769821 87.9012148337596 69.88 69.34 70.22 100.0 100.0 100.0
43: 88.16176470588235 87.79291879795396 87.90201406649616 70.1 69.34 70.44 100.0 100.0 100.0
44: 87.85525895140665 87.67663043478261 88.03708439897699 69.84 69.7 70.44 100.0 100.0 100.0
45: 88.00671355498721 88.14458120204604 87.82608695652173 70.74 69.54 69.34 100.0 100.0 100.0
46: 87.98753196930946 88.22330562659846 88.08543797953965 70.48 69.88 70.94 100.0 100.0 100.0
47: 88.34239130434783 88.25367647058823 88.2724584398977 70.38 69.94 68.92 100.0 100.0 100.0
48: 88.3903452685422 88.34998401534527 88.34239130434783 70.34 69.86 71.18 100.0 100.0 100.0
49: 88.15177429667519 87.85006393861893 88.11980498721228 69.22 69.28 69.58 100.0 100.0 100.0
