epoch train_acc1 train_acc2 test_acc1 test_acc2 pure_ratio1 pure_ratio2
epoch train_acc1 train_acc2 test_acc1 test_acc2 pure_ratio1 pure_ratio2
epoch train_acc1 train_acc2 test_acc1 test_acc2 pure_ratio1 pure_ratio2
0: 0 0 10.02 10.38 0 0
1 27.942375319693095 28.04507672634271 48.85 49.31 0 0
2 36.20044757033248 36.76710358056266 59.02 59.9 0 0
3 40.36764705882353 41.375479539641944 63.52 62.9 0 0
epoch train_acc1 train_acc2 test_acc1 test_acc2 pure_ratio1 pure_ratio2
0: 0 0 10.02 10.38 0 0
1 28.02589514066496 28.276054987212277 49.31 49.52 0 0
2 36.31114130434783 36.51054987212276 59.61 60.19 0 0
epoch train_acc1 train_acc2 test_acc1 test_acc2 pure_ratio1 pure_ratio2
0: 0 0 10.02 10.38 0 0
epoch train_acc1 train_acc2 test_acc1 test_acc2 pure_ratio1 pure_ratio2
0: 0 0 10.02 10.38 0 0
1 28.288443094629155 28.233296035805626 49.53 49.38 0 0
2 36.893781969309465 36.325127877237854 60.11 60.02 0 0
3 40.706122122762146 41.14889705882353 64.29 62.02 0 0
4 43.543797953964194 44.062899616368284 69.4 69.53 0 0
5 45.429587595907925 45.83639705882353 67.76 67.74 0 0
epoch train_acc1 train_acc2 test_acc1 test_acc2 pure_ratio1 pure_ratio2
0: 0 0 10.02 10.38 0 0
1 28.116208439897697 28.135789641943735 49.35 49.78 65.47999213063157 65.47999213063157
2 36.41464194373402 36.49296675191816 59.53 60.23 67.09582959116803 67.12308211726754
3 40.38842710997442 41.20084718670077 61.02 64.91 68.77387714607517 68.80181671064777
4 43.28844309462916 44.14082480818414 69.42 69.98 70.5529588147102 70.563982714525
5 45.35246163682864 45.703724424552426 68.7 67.83 72.3956668057595 72.39566680575949
