epoch train_acc1 train_acc2 test_acc1 test_acc2 pure_ratio1 pure_ratio2
0: 0 0 10.03 10.39 0 0
1 27.958359974424553 28.21491368286445 49.06 49.48 65.47999213063154 65.48408420224281
2 36.32712595907928 36.301150895140665 59.25 59.41 67.11050402829854 67.11050402829854
3 40.44277493606138 41.036604859335036 64.51 66.15 68.77602634334998 68.7910707242737
4 43.28644501278772 43.86668797953964 67.9 69.2 70.563982714525 70.58382573419162
5 45.52909207161125 45.8667679028133 65.09 68.95 72.41603663125798 72.42056325914655
6 46.784287084398976 46.9900895140665 72.78 71.95 74.33603240230615 74.38020817538222
7 48.201726342711 48.25847186700767 74.47 71.26 75.70106274538081 75.71053513336982
8 49.19796994884911 49.222746163682864 74.08 74.55 77.77203188967897 77.79151794497062
9 49.93965792838875 49.99880115089514 74.34 74.93 80.00515583471244 79.98157063336846
10 50.80682544757033 50.77645460358056 74.36 75.95 80.06337445464128 80.0518561004966
11 51.494565217391305 51.47618286445013 78.06 77.7 80.02082706484128 80.02834925530313
12 52.35374040920716 52.33695652173913 79.13 79.66 80.08594102602682 80.10349280377116
13 52.49240728900256 52.87404092071611 79.1 77.78 80.11454102101204 80.08445225916458
14 53.142583120204606 53.106617647058826 76.98 79.04 80.07442267188213 80.09448184644708
15 53.664082480818415 53.72122762148338 79.03 78.73 80.13601060628861 80.14604019357108
16 54.16679987212276 54.05210997442455 80.63 79.63 80.13718594854826 80.14220074218949
17 54.46411445012788 54.578804347826086 80.94 79.83 80.12864512812806 80.168763477258
18 55.01158887468031 55.02677429667519 81.1 80.96 80.11454102101204 80.14462978285952
19 55.20300511508952 55.22098785166241 79.45 79.51 80.13773444160275 80.14274923524404
20 49.22434462915601 49.38419117647059 74.68 74.87 75.13299853206499 75.27120512771982
21 51.174872122762146 50.92311381074169 70.85 72.41 75.37800051983209 75.10218698823265
22 52.22626278772378 52.203884271099746 78.35 76.34 73.72830234881133 74.15429690497707
23 52.849264705882355 52.75255754475703 78.31 78.99 73.51394314331124 73.78636598051418
24 53.13059462915601 53.41032608695652 74.54 79.08 73.28752132499527 73.53518441511582
25 53.59854539641944 53.71123721227622 81.15 79.07 73.10974256316068 73.18192127485213
26 54.32584718670077 54.28348785166241 79.86 79.01 73.03605051815084 72.8327367613072
27 54.4868925831202 54.61277173913044 81.09 80.57 72.75001845567505 72.53485894374485
28 55.13067455242967 54.95044757033248 80.41 81.14 72.23351314434841 72.7979161590318
29 55.203804347826086 55.01678388746803 81.82 81.66 73.67725280351519 73.73702368854755
30 55.39282289002558 55.6190057544757 81.99 81.85 72.1763525596192 72.58491389511055
31 55.545476342711 55.64058503836317 82.38 82.88 72.10530256998088 71.759196299912
32 55.571451406649615 55.74248721227622 81.42 82.89 70.83352897833782 70.39094681140786
33 55.94709079283887 55.8931425831202 82.07 81.7 72.15632194958268 72.34800016364731
34 56.21403452685422 56.321531329923275 83.37 83.56 70.7800813491252 71.02120405563592
35 56.20204603580563 56.33391943734016 81.77 82.7 71.20701209988879 71.6238834436442
36 56.42663043478261 56.55810421994885 82.73 82.98 70.92795068135752 70.76978627592297
37 56.80187020460358 56.775895140664964 82.42 83.4 70.13127141776441 70.0702967041884
38 56.626838235294116 56.69117647058823 82.87 83.57 69.4270329175767 69.56460490018368
39 56.77869245524297 56.80866368286445 83.14 83.15 70.24251198783317 70.45021828722321
40 56.892583120204606 57.014066496163686 81.83 83.44 69.62358848863582 70.44075032030788
41 57.13794757033248 56.97730179028133 83.61 82.49 69.17054529516224 69.1276835927866
42 57.24624360613811 57.24304667519181 83.17 82.38 69.1585320310358 69.64771141816092
43 57.09598785166241 57.17071611253197 82.75 84.0 69.29706770690036 69.67599376200415
44 57.112372122762146 57.3821131713555 82.9 82.63 70.08705009062058 69.67074270708997
45 57.56753516624041 57.45524296675192 83.38 84.32 69.3683658149592 69.23492430279701
46 57.501598465473144 57.637468030690535 83.53 83.31 68.95052995941401 69.40128954117252
47 57.75975063938619 57.69900895140665 82.98 83.58 69.5964397156268 69.63292678115552
48 57.81689578005115 57.813299232736576 83.39 83.59 68.24041772246576 68.62502528814021
49 57.97914002557545 57.7389705882353 84.27 82.51 69.48339031848212 69.17853040613208
50 58.244884910485936 57.955962276214834 83.51 82.95 67.51695723725054 67.38376767183787
51 58.10342071611253 58.10821611253197 84.02 83.05 68.13836914314017 68.93189785774929
52 57.99392583120205 58.143382352941174 83.11 84.58 67.13131989489389 67.6806642849323
53 58.25647378516624 58.31122122762148 81.23 82.89 67.7680555679143 68.00436599140845
54 58.452685421994886 58.283248081841435 84.14 84.1 67.41096063469432 67.26180149773495
55 58.58815537084399 58.38954603580563 83.44 83.4 67.90221370281225 67.61959136516711
56 58.56377877237852 58.48265664961637 82.22 83.99 66.84775445961002 67.55897275981009
57 58.72921994884911 58.8914641943734 84.29 82.45 66.78309638141144 66.79317713111155
58 58.52781329923274 58.7412084398977 84.58 84.39 66.2620638166096 66.59752381175977
59 58.62412084398977 58.85230179028133 83.98 84.14 67.35974501303157 67.54164357677443
60 58.84670716112532 58.752797314578004 81.86 83.67 66.58665907970365 67.11607213585232
61 58.81513746803069 59.0301310741688 84.75 83.65 65.30095223785563 65.52500203532404
62 59.09606777493606 59.01734335038363 84.02 82.21 66.20204251357598 66.02102093595087
63 59.15640984654731 59.17679028132992 84.24 84.57 65.4497007940429 65.33950761595995
64 59.08647698209719 59.274696291560105 84.69 84.23 66.14908427079331 65.93459478486757
65 59.05690537084399 59.1036604859335 83.7 84.3 66.84039066243547 67.24221359002188
66 59.453724424552426 59.47450447570333 82.41 84.31 64.3049828493697 64.5230085274862
67 58.72602301790281 59.512468030690535 83.81 84.31 65.47376034539818 66.92401004695634
68 59.238730818414325 59.286684782608695 83.42 84.21 66.76444145695214 65.7225325622921
69 59.52285805626598 59.478900255754475 84.45 85.24 65.04670576665856 64.4634010018374
70 59.54443734015345 59.283088235294116 84.71 84.95 66.31925087397678 65.62893891234535
71 59.611173273657286 59.51206841432225 84.76 85.11 65.42864987538589 65.36774738691031
72 59.60717710997442 59.65752877237852 84.03 84.68 65.33348351237109 65.68139502756823
73 59.66472186700767 59.793797953964194 84.44 84.59 64.94988890197844 65.2783996182977
74 59.959638746803066 59.950047953964194 84.31 85.02 63.04396281262875 63.34336513016549
75 59.95324488491048 59.863331202046034 83.39 84.54 63.75305093859367 64.66713523438762
76 59.74784207161125 60.01358695652174 83.61 84.32 63.2792522564073 64.03861319954122
77 60.05954283887468 59.95404411764706 84.67 84.56 64.31986155366512 64.55065684893346
78 59.759031329923275 59.671115728900254 83.34 82.75 64.61804472444153 64.97328042175637
79 59.92407289002558 60.002797314578004 84.52 85.07 62.00603510511819 62.48397171510489
80 60.04475703324808 60.019980818414325 84.63 84.83 63.08711277733706 63.58553026044491
81 60.35805626598466 60.08032289002558 83.33 82.3 63.050852050766956 63.7989772795641
82 60.274536445012785 60.136269181585675 84.51 84.89 64.11611072510725 63.982542289297186
83 60.469549232736576 60.248161764705884 84.16 84.73 63.80350413234263 63.866095986235294
84 60.378037084398976 60.63818734015345 84.17 83.49 63.06729972048912 63.301338938696105
85 60.68294437340153 60.42199488491048 84.93 84.13 63.287252024147556 63.176882185704926
86 60.64298273657289 60.71171675191816 83.42 84.45 61.80949963973369 61.86648531038162
87 60.68654092071611 60.66496163682864 85.3 84.48 63.02560929788881 62.46602019835689
88 60.888746803069054 60.3272858056266 84.44 84.81 62.839252435731204 62.178018618956116
89 60.89434143222506 60.79923273657289 84.75 83.08 62.19572161698806 61.75654765039169
90 60.9375 60.80642583120205 85.21 83.28 60.86178018246697 61.00655326574425
91 61.08216112531969 60.89793797953964 84.99 85.09 60.92450237533495 61.043765263476566
92 61.040601023017906 61.00383631713555 83.83 83.73 60.393429589544965 60.0522804827477
93 61.0110294117647 60.921515345268546 84.62 83.49 61.914375231119465 62.11471637952767
94 61.003037084398976 61.0613810741688 85.73 85.84 62.0976176882977 62.42058901409575
95 61.29195971867008 61.42543158567775 83.49 84.08 59.848822048686635 60.35408106511609
96 61.159287084398976 61.268382352941174 84.63 85.28 59.73431279832862 59.99699373857085
97 61.15609015345269 61.41664002557545 83.99 83.84 60.84216221495207 60.863104113432684
98 61.267183503836314 61.34031329923274 85.31 84.75 60.10936098442931 60.57732497255074
99 61.16568094629156 61.49136828644501 85.04 84.47 58.841583936700054 59.474583429375095
100 61.560501918158565 61.29955242966752 84.26 84.63 60.14849197657229 59.94729175092499
101 61.71035805626598 61.55330882352941 85.63 85.05 59.98570049043943 58.73574413818134
102 61.785485933503836 61.646019820971865 85.31 85.58 60.07769070522939 59.33236292985053
103 61.598865089514064 61.56569693094629 85.63 85.14 59.192790251607825 59.035498234830285
104 61.67599104859335 61.3355179028133 84.81 85.39 60.70204873164064 60.463955888573636
105 61.98649296675192 61.70716112531969 85.0 85.27 58.94855668795039 58.469128957546765
106 61.78868286445013 61.996882992327365 84.97 84.92 58.29459264070637 58.67216203568965
107 62.12875639386189 61.878996163682864 84.64 84.92 58.91063629799151 58.9977666675801
108 61.93454283887468 62.01086956521739 84.4 85.04 57.287595750911194 57.37392897489857
109 61.93494245524297 61.83503836317136 83.84 84.43 56.86101236211893 56.51967943800234
110 62.09279092071611 62.11996483375959 84.05 84.12 56.682336944277424 56.712778081796955
111 62.20428388746803 62.30778452685422 84.16 85.18 56.26489060143343 56.019135466442535
112 62.267023657289 62.237452046035806 85.26 85.03 56.57953003814409 56.2721765838823
113 62.271019820971865 62.43046675191816 84.98 85.45 56.43236095432581 56.401687091471985
114 62.435661764705884 62.46603260869565 85.49 85.46 55.266633054356866 55.82794620838095
115 62.498001918158565 62.37012468030691 84.77 85.53 56.11316332732009 55.343933727038895
116 62.305786445012785 62.555946291560105 85.08 84.63 55.55801277104123 56.10905664049942
117 62.53117007672634 62.432065217391305 83.77 84.54 55.747667627888646 55.4830934694526
118 62.130354859335036 62.55554667519181 85.64 85.62 56.407417762352296 56.82396565539332
119 62.21547314578005 62.735773657289 85.94 85.72 55.25958873135676 56.20282437054742
120 62.66624040920716 62.56114130434783 83.55 84.15 54.67687774127956 54.89131993748241
121 61.47138746803069 61.498161764705884 84.88 85.49 57.681103471165734 58.19298076980927
122 62.52517583120205 62.740968670076725 85.83 85.53 54.216494464706926 54.301437938397235
123 62.80250959079284 62.79931265984655 84.52 85.2 55.09286327180034 54.71866939117698
124 62.757752557544755 62.847666240409204 85.29 85.68 55.07007028784761 54.95842671185921
125 63.024696291560105 62.452445652173914 85.28 85.51 55.633953044607246 54.814694171675555
126 63.09742647058823 62.794916879795394 85.38 85.55 53.81597054551016 53.616448910566525
127 63.40033567774936 62.06521739130435 84.95 85.47 54.812411537269604 53.15577980714803
128 63.111013427109974 63.03508631713555 85.57 85.77 52.462441796539906 52.46652963404881
129 62.93278452685422 62.97194693094629 85.01 85.54 54.163494492402315 54.3977267279133
130 63.251678388746804 63.06345907928389 84.75 85.39 53.95979388363168 53.61367843747109
131 63.1337915601023 63.01350703324808 85.45 85.25 54.04818170896847 54.02024594348194
132 62.95516304347826 63.15297314578005 85.87 84.86 52.936787630763156 53.240889975902995
133 63.18734015345269 62.61349104859335 84.49 84.85 53.40026607463044 53.19381271487486
134 63.186940537084396 63.05626598465473 85.61 85.81 52.662521434612906 52.41460971291601
135 63.46587276214834 63.24408567774936 85.95 85.53 50.8483513502695 50.264731006418984
136 63.401934143222505 63.37715792838875 85.72 85.86 51.15121908127578 51.438407633659146
137 63.592151534526856 63.518622122762146 85.12 85.93 50.38665405353387 50.13270687823117
138 63.1485773657289 63.435901534526856 85.52 85.46 51.94156751344206 52.22785031777808
139 63.262468030690535 63.18654092071611 85.02 84.53 51.17191661121253 50.91267300891946
140 63.561780690537084 63.365968670076725 85.98 85.54 51.016388476708926 51.15083913545628
141 63.72362531969309 63.61812659846547 84.78 85.24 50.096934558345716 50.02785331279386
142 63.713634910485936 63.55378836317136 85.28 86.1 48.92781875029511 49.035948401263624
143 63.89905690537084 63.644900895140665 86.06 86.01 49.7648860634042 49.843671761266194
144 63.89186381074169 63.682065217391305 85.43 85.77 49.38346072347958 49.10257082622141
145 63.89466112531969 63.87947570332481 85.97 86.22 49.24914920928161 48.844474065626464
146 63.85070332480819 63.909047314578004 85.56 85.84 47.77091763025269 47.804324476319394
147 63.93981777493606 63.801150895140665 85.62 85.72 48.653185425977675 48.52879291028081
148 64.14242327365729 63.87867647058823 85.63 86.16 49.03760348773135 48.94685841297094
149 64.05810421994885 63.995764066496164 86.02 85.87 47.937710535122896 48.02931614463132
150 63.96379475703325 64.0389226342711 85.77 86.41 48.14479496065172 47.57453543898557
151 63.98657289002558 63.95820012787724 85.75 85.69 47.47464704945523 47.40374892229108
152 64.32065217391305 63.87228260869565 85.53 86.11 46.740683259037375 46.63693009262438
153 64.23992966751918 64.10006393861893 85.24 85.69 47.42461287688459 47.10273987918038
154 64.08048273657289 64.06210038363172 85.94 86.28 47.57776036209917 47.289825435417434
155 64.215952685422 64.22474424552429 85.76 85.76 45.95350514787856 45.94057548021743
156 64.3837915601023 64.22114769820972 84.99 85.81 45.93003082453213 46.298490512045554
157 64.31785485933504 64.04211956521739 86.3 85.87 47.69652628517534 47.96867492369226
158 64.39338235294117 64.40217391304348 86.03 85.77 45.510214778117586 45.52491590535069
159 64.40177429667519 64.38898657289002 86.06 85.62 44.210564459360896 44.21042145090587
160 64.66871803069054 64.46411445012788 85.61 85.62 44.05576804553788 43.93487231722527
161 64.54283887468031 64.39378196930946 85.5 85.67 44.879327833292066 44.82019330484806
162 64.40217391304348 64.16480179028133 85.08 86.06 47.28330175750065 46.47315992434091
163 64.49928069053709 64.47770140664962 85.58 85.42 45.842752019222594 45.69850084555965
164 64.57680626598466 64.43614130434783 85.95 85.46 45.5247920593189 45.613586470363956
165 64.68510230179028 64.5604219948849 85.76 85.88 42.87208883756202 43.2467802160897
166 64.68829923273657 64.63275255754476 85.7 85.99 42.338488805880125 42.63582644976508
167 64.76502557544757 64.7110773657289 85.64 85.75 42.30993218205495 42.637591167002924
168 64.59678708439898 64.534047314578 85.65 85.75 44.99207598312458 45.41177421612203
169 64.53684462915601 64.69389386189258 85.76 86.01 45.08678600957076 45.104847658067165
170 64.7878037084399 64.8053868286445 85.84 85.74 41.15356829870901 41.07591577220737
171 64.90489130434783 64.82137148337596 85.65 85.61 42.24171111639142 41.79428272778656
172 65.00439578005115 64.84774616368287 85.97 85.86 41.06951090966437 40.97423037320738
173 64.87971547314578 64.73865089514067 85.76 85.99 41.6696872323471 42.135611617708825
174 64.98161764705883 64.95963874680307 85.87 85.88 39.347371866553466 39.179363546371235
175 65.07432864450128 64.80898337595907 85.76 85.91 41.38614830750383 41.68802992971793
176 65.0355658567775 64.98681265984655 85.66 85.67 42.191694707679375 42.20415667026921
177 64.99920076726343 65.00319693094629 86.01 85.94 39.46334852984473 39.12579037898735
178 65.14226342710998 65.17143542199489 85.75 85.88 39.50698278703396 38.863872700189866
179 65.05195012787723 65.04875319693095 85.5 85.89 41.56736273104562 41.4752191542473
180 65.06873401534527 65.05994245524296 85.74 85.71 40.07257554891825 40.45605502766629
181 65.18142583120205 65.03756393861893 85.66 85.86 39.08020865181994 39.083731343961546
182 65.24856138107417 65.16584079283888 85.78 85.94 38.51228623607142 38.37203646027178
183 65.25135869565217 65.20580242966751 85.87 85.69 38.02652093572813 36.77981935654574
184 65.25815217391305 65.18861892583121 85.63 85.84 38.59424533976964 38.24551691559366
185 65.31090153452685 65.24216751918159 85.93 85.84 39.27668097744825 38.97788556995718
186 65.23377557544757 65.25295716112532 85.89 85.84 37.85175040929518 37.942958575950904
187 65.37843670076727 65.29251918158567 85.9 85.67 39.28960993539 38.854393688153294
188 65.392023657289 65.23617327365729 86.02 85.95 38.7595879096039 38.47533962024051
189 65.49392583120205 65.28532608695652 85.87 85.61 37.139103437057436 37.16761286454385
190 65.42399296675192 65.42599104859335 85.51 85.75 36.519154332453596 36.54080574157304
191 65.40321291560102 65.50231777493606 85.68 85.8 36.97605889421748 37.09551247275034
192 65.48113810741688 65.34686700767263 85.77 85.78 36.49878538625344 36.38284066033429
193 65.50071930946291 65.40201406649616 85.91 86.0 38.03751377920179 37.6879734360553
194 65.53148976982096 65.52989130434783 85.99 85.91 35.27920468726769 34.79603625013506
195 65.52589514066496 65.44077685421995 86.0 85.78 36.33630578003983 36.754969951900925
196 65.43438299232737 65.40001598465473 85.91 85.92 36.57277008300029 36.72203400464273
197 65.50151854219949 65.4156010230179 85.68 85.82 36.55458352389301 36.3752665351131
198 65.54227941176471 65.49472506393862 85.79 86.02 35.1768975554142 35.17413887618494
199 65.54187979539643 65.51470588235294 85.87 85.86 35.011175241354294 34.86778566701842
